SPACAR Student  version 05-Mar-2019 (0064/DP/C300/D120/E60/I12/O25).
(c) Structural Dynamics, Acoustics & ControlUniversity of Twente &
    Department of Engineering MechanicsDelft University of Technology

================================================================================
 Kinematic data

 #Dat-file generated with SPACAR Light version 1.38
 #Date: 19-Jun-2026 12:00:12
 #User: aryan
  
  
  
 #NODES  Nn   X   Y   Z
 X    1   0.000000 0.023438 0.000000  #node 1
 X    4   0.062225 0.023438 0.062225  #node 2
 X    7   0.000000 0.164062 0.000000  #node 3
 X   10   0.062225 0.164062 0.062225  #node 4
 X   13   0.000000 0.093750 0.062225  #node 5
 X   16   0.062225 0.093750 0.000000  #node 6
 X   19   0.062225 0.093750 0.062225  #node 7
 X   22   0.087560 0.093660 0.062225  #node 8
 X   25   0.037300 0.093370 0.064880  #node 9
 X   28   0.031113 0.093750 0.031113  #node 10
 X   31   -0.031260 0.086170 0.079510  #node 11
  
  
  
 #ELEMENTS     Ne  Xp  Rp  (Wp)  Xq  Rq  (Wq)  Ox   Oy   Oz
 BEAMW          1   1   2   3     4   5   6    0.000000 1.000000 0.000000  #element 1
 BEAMW          2   7   8   9    10  11  12    0.000000 1.000000 0.000000  #element 2
 BEAMW          3  13  14  15    16  17  18    0.000000 1.000000 0.000000  #element 3
 BEAMW          4  19  20  21    13  14  15    0.000000 1.000000 0.000000  #element 4
 BEAM           5   4   5        19  20        1.000000 0.000000 0.000000  #element 5
 BEAM           6  10  11        19  20        1.000000 0.000000 0.000000  #element 6
 BEAM           7  22  23        19  20        1.000000 0.000000 0.000000  #element 7
 BEAM           8  25  26        19  20        1.000000 0.000000 0.000000  #element 8
 BEAM           9  28  29        19  20        1.000000 0.000000 0.000000  #element 9
 BEAM          10  13  14        31  32        1.000000 0.000000 0.000000  #element 10
  
  
  
 #DEF#   Ne   d1  d2  d3  d4  d5  d6
 DYNE    1    4   5
 RLSE    1    1   2   3   6
 DYNE    2    3   4
 RLSE    2    1   2   5   6
 DYNE    3    2   3
 RLSE    3    1   4   5   6
  
  
  
 #FIXES  Nn
 FIX    1
 FIX    2
 FIX    7
 FIX    8
 FIX   16
 FIX   17
 FIX    3  #warping
 FIX    9  #warping
 FIX   15  #warping
 FIX   18  #warping
 FIX   21  #warping
  
  
  
 #CUSTOM KINEMATICS COMMANDS
  
  
  
  
 END

 Elements used in this model:
    No  Type         Element nodes          Deformation parameters (with type)    Max.def.par.
   --- -------- ----------------------- ----------------------------------------------- -----
     1 Beamw      1   2   3   4   5   6  60-C  61-C  62-C  54-M  55-M  63-C  72-C  73-C     8
     2 Beamw      7   8   9  10  11  12  64-C  65-C  56-M  57-M  66-C  67-C  74-C  75-C     8
     3 Beamw     13  14  15  16  17  18  68-C  58-M  59-M  69-C  70-C  71-C  76-C  77-C     8
     4 Beamw     19  20  21  13  14  15   1-O   2-O   3-O   4-O   5-O   6-O  78-C  79-C     8
     5 Beam       4   5  19  20           7-O   8-O   9-O  10-O  11-O  12-O                 6
     6 Beam      10  11  19  20          13-O  14-O  15-O  16-O  17-O  18-O                 6
     7 Beam      22  23  19  20          19-O  20-O  21-O  22-O  23-O  24-O                 6
     8 Beam      25  26  19  20          25-O  26-O  27-O  28-O  29-O  30-O                 6
     9 Beam      28  29  19  20          31-O  32-O  33-O  34-O  35-O  36-O                 6
    10 Beam      13  14  31  32          37-O  38-O  39-O  40-O  41-O  42-O                 6
    11 Euler      2                      43-O                                               1
    12 Euler      5                      44-O                                               1
    13 Euler      8                      45-O                                               1
    14 Euler     11                      46-O                                               1
    15 Euler     14                      47-O                                               1
    16 Euler     17                      48-O                                               1
    17 Euler     20                      49-O                                               1
    18 Euler     23                      50-O                                               1
    19 Euler     26                      51-O                                               1
    20 Euler     29                      52-O                                               1
    21 Euler     32                      53-O                                               1
   --- -------- ----------------------- ----------------------------------------------- -----

 Bending-linked elongation calculated for beam(s):   5   6   7   8   9  10

 Nodal point information
  Node   Pos.pars (with type)    Values
  ---- ----------------------- -----------------------------------------------
     1   1-O   2-O   3-O           0.00000     0.02344     0.00000            
     2  24-C   4-O   5-O   6-O     1.00000     0.00000     0.00000     0.00000
     3   7-O                       0.00000                                    
     4  25-C  26-C  27-C           0.06223     0.02344     0.06223            
     5  28-C  29-C  30-C  31-C     1.00000     0.00000     0.00000     0.00000
     6  83-M                       0.00000                                    
     7   8-O   9-O  10-O           0.00000     0.16406     0.00000            
     8  32-C  11-O  12-O  13-O     1.00000     0.00000     0.00000     0.00000
     9  14-O                       0.00000                                    
    10  33-C  34-C  35-C           0.06223     0.16406     0.06223            
    11  36-C  37-C  38-C  39-C     1.00000     0.00000     0.00000     0.00000
    12  84-M                       0.00000                                    
    13  40-C  41-C  42-C           0.00000     0.09375     0.06223            
    14  43-C  44-C  45-C  46-C     1.00000     0.00000     0.00000     0.00000
    15  15-O                       0.00000                                    
    16  16-O  17-O  18-O           0.06223     0.09375     0.00000            
    17  47-C  19-O  20-O  21-O     1.00000     0.00000     0.00000     0.00000
    18  22-O                       0.00000                                    
    19  48-C  49-C  50-C           0.06223     0.09375     0.06223            
    20  51-C  52-C  53-C  54-C     1.00000     0.00000     0.00000     0.00000
    21  23-O                       0.00000                                    
    22  55-C  56-C  57-C           0.08756     0.09366     0.06223            
    23  58-C  59-C  60-C  61-C     1.00000     0.00000     0.00000     0.00000
    25  62-C  63-C  64-C           0.03730     0.09337     0.06488            
    26  65-C  66-C  67-C  68-C     1.00000     0.00000     0.00000     0.00000
    28  69-C  70-C  71-C           0.03111     0.09375     0.03111            
    29  72-C  73-C  74-C  75-C     1.00000     0.00000     0.00000     0.00000
    31  76-C  77-C  78-C          -0.03126     0.08617     0.07951            
    32  79-C  80-C  81-C  82-C     1.00000     0.00000     0.00000     0.00000
  ---- ----------------------- -----------------------------------------------

 Degree of freedom information:
   DOF PosPar DefPar Type     
   --- ------ ------ ---------
     1     83        -Dynamic 
     2     84        -Dynamic 
     3            54 -Dynamic 
     4            55 -Dynamic 
     5            56 -Dynamic 
     6            57 -Dynamic 
     7            58 -Dynamic 
     8            59 -Dynamic 
   --- ------ ------ ---------
 Condition number of Dcc:  0.1487E+03

 Zero order transfer function position parameters
  0.00000E+00  2.34380E-02  0.00000E+00  0.00000E+00  0.00000E+00  0.00000E+00
  0.00000E+00  0.00000E+00  1.64062E-01  0.00000E+00  0.00000E+00  0.00000E+00
  0.00000E+00  0.00000E+00  0.00000E+00  6.22250E-02  9.37500E-02  0.00000E+00
  0.00000E+00  0.00000E+00  0.00000E+00  0.00000E+00  0.00000E+00  1.00000E+00
  6.22250E-02  2.34380E-02  6.22250E-02  1.00000E+00  0.00000E+00  0.00000E+00
  0.00000E+00  1.00000E+00  6.22250E-02  1.64062E-01  6.22250E-02  1.00000E+00
  0.00000E+00  0.00000E+00  0.00000E+00  0.00000E+00  9.37500E-02  6.22250E-02
  1.00000E+00  0.00000E+00  0.00000E+00  0.00000E+00  1.00000E+00  6.22250E-02
  9.37500E-02  6.22250E-02  1.00000E+00  0.00000E+00  0.00000E+00  0.00000E+00
  8.75600E-02  9.36600E-02  6.22250E-02  1.00000E+00  0.00000E+00  0.00000E+00
  0.00000E+00  3.73000E-02  9.33700E-02  6.48800E-02  1.00000E+00  0.00000E+00
  0.00000E+00  0.00000E+00  3.11130E-02  9.37500E-02  3.11130E-02  1.00000E+00
  0.00000E+00  0.00000E+00  0.00000E+00 -3.12600E-02  8.61700E-02  7.95100E-02
  1.00000E+00  0.00000E+00  0.00000E+00  0.00000E+00  0.00000E+00  0.00000E+00


 Zero order transfer function deformation parameters
  0.00000E+00  0.00000E+00  0.00000E+00  0.00000E+00  0.00000E+00  0.00000E+00
  0.00000E+00  0.00000E+00  0.00000E+00  0.00000E+00  0.00000E+00  0.00000E+00
  0.00000E+00  0.00000E+00  0.00000E+00  0.00000E+00  0.00000E+00  0.00000E+00
  0.00000E+00  0.00000E+00  0.00000E+00  0.00000E+00  0.00000E+00  0.00000E+00
  0.00000E+00  0.00000E+00  0.00000E+00  0.00000E+00  0.00000E+00  0.00000E+00
  0.00000E+00  0.00000E+00  0.00000E+00  0.00000E+00  0.00000E+00  0.00000E+00
  0.00000E+00  0.00000E+00  0.00000E+00  0.00000E+00  0.00000E+00  0.00000E+00
  0.00000E+00  0.00000E+00  0.00000E+00  0.00000E+00  0.00000E+00  0.00000E+00
  0.00000E+00  0.00000E+00  0.00000E+00  0.00000E+00  0.00000E+00  0.00000E+00
  0.00000E+00  0.00000E+00  0.00000E+00  0.00000E+00  0.00000E+00  0.00000E+00
  0.00000E+00  0.00000E+00  0.00000E+00  0.00000E+00  0.00000E+00  0.00000E+00
  0.00000E+00  0.00000E+00  0.00000E+00  0.00000E+00  0.00000E+00  0.00000E+00
  0.00000E+00  0.00000E+00  0.00000E+00  0.00000E+00  0.00000E+00  0.00000E+00
  0.00000E+00
================================================================================
 Dynamic data

 HALT
  
  
 #STIFFNESS  Ne EA       GJ      EIy      EIz      Shear Y     Shear Z     EIw
 ESTIFF    1 1875000.000000000232831    0.009848446281614    0.006250000000000  343.322753906250057    0.000000009949367    0.000546535057358    0.000001144409180
 ESTIFF    2 1875000.000000000232831    0.009848446281614    0.006250000000000  343.322753906250057    0.000000009949367    0.000546535057358    0.000001144409180
 ESTIFF    3 3750000.000000000465661    0.019723446281614    0.012500000000000 2746.582031250000455    0.000000009949367    0.002186140229430    0.000009155273438
  
  
  
 #MASS   Ne   M/L      Jxx/L     Jyy/L     Jzz/L     Jyz/L     Jw/L
 EM     1     0.073125000000000    0.000013389831152    0.000000000243750    0.000013389587402    0.000000000000000    0.000000000000045
 EM     2     0.073125000000000    0.000013389831152    0.000000000243750    0.000013389587402    0.000000000000000    0.000000000000045
 EM     3     0.146250000000000    0.000107117186719    0.000000000487500    0.000107116699219    0.000000000000000    0.000000000000357
  
  
  
 #MASS    Nn M,Ixx  Ixy   Ixz   Iyy   Iyz   Izz
 XM    25  0.247000
 XM    26  0.000365 0.000006 -0.000030 0.000662 -0.000001 0.000885
  
  
  
 #ADDITIONAL PROPERTIES
 #   Gx   Gy   Gz
 GRAVITY  0.000000 -9.810000 0.000000
  
 ITERSTEP 10 1 0.0000005 1 1 0
  
  
  
 #CUSTOM DYNAMICS COMMANDS
  
  
  
  
 END

 NEO =   53, NEMM =   53, NEM =   59, NEC =   79.

 NXO =   23, NXC =   82, NXMM =   82, NXM =   84.
 WITHOUT EULER ELEMENTS, ACCORDING TO THE GRAPHICAL USER INTERFACE
 NX  =   73, NEO  =   42, NXO =   23, NDOF=    8.
 GRAVITY:   0.00000E+00 -9.81000E+00  0.00000E+00

 Element data (showing only non-zero values):
    No Type     (K) Stiffness, (D) Damping, (M) Element mass, (S) Pre-stress
   --- -------- -------------------------------------------------------------
     1 Beamw    K    0.21307E+08    0.14452E+02    0.91715E+01    0.50381E+06
                K    0.15418E-04    0.84691E+00
                M    0.73125E-01
     2 Beamw    K    0.21307E+08    0.14452E+02    0.91715E+01    0.50381E+06
                K    0.15418E-04    0.84691E+00
                M    0.73125E-01
     3 Beamw    K    0.42614E+08    0.28943E+02    0.18343E+02    0.40304E+07
                K    0.15418E-04    0.33877E+01
                M    0.14625E+00
     4 Beamw   All data are zero
     5 Beam    All data are zero
     6 Beam    All data are zero
     7 Beam    All data are zero
     8 Beam    All data are zero
     9 Beam    All data are zero
    10 Beam    All data are zero
    11 Euler   All data are zero
    12 Euler   All data are zero
    13 Euler   All data are zero
    14 Euler   All data are zero
    15 Euler   All data are zero
    16 Euler   All data are zero
    17 Euler   All data are zero
    18 Euler   All data are zero
    19 Euler   All data are zero
    20 Euler   All data are zero
    21 Euler   All data are zero
   --- -------- -------------------------------------------------------------

 Nodal point forces
  Node  Pos.par / value pairs
  ---- ------------------------------------------------------------------------
     1   1:  0             2:  0             3:  0                            
     2  24:  0             4:  0             5:  0             6:  0          
     3   7:  0                                                                
     4  25:  0            26:  0            27:  0                            
     5  28:  0            29:  0            30:  0            31:  0          
     6  83:  0                                                                
     7   8:  0             9:  0            10:  0                            
     8  32:  0            11:  0            12:  0            13:  0          
     9  14:  0                                                                
    10  33:  0            34:  0            35:  0                            
    11  36:  0            37:  0            38:  0            39:  0          
    12  84:  0                                                                
    13  40:  0            41:  0            42:  0                            
    14  43:  0            44:  0            45:  0            46:  0          
    15  15:  0                                                                
    16  16:  0            17:  0            18:  0                            
    17  47:  0            19:  0            20:  0            21:  0          
    18  22:  0                                                                
    19  48:  0            49:  0            50:  0                            
    20  51:  0            52:  0            53:  0            54:  0          
    21  23:  0                                                                
    22  55:  0            56:  0            57:  0                            
    23  58:  0            59:  0            60:  0            61:  0          
    25  62:  0            63:  0            64:  0                            
    26  65:  0            66:  0            67:  0            68:  0          
    28  69:  0            70:  0            71:  0                            
    29  72:  0            73:  0            74:  0            75:  0          
    31  76:  0            77:  0            78:  0                            
    32  79:  0            80:  0            81:  0            82:  0          
  ---- ------------------------------------------------------------------------

 Nodal point mass
  Node  Value 1           2           3           4           5           6   
  ---- -----------------------------------------------------------------------
     1  0           0           0           0           0           0         
     2  0.5891E-06  0           0.5362E-11  0.1072E-10  0           0.5891E-06
     3  0           0           0           0           0           0         
     4  0           0           0           0           0           0         
     5  0.5891E-06  0           0.5362E-11  0.1072E-10  0           0.5891E-06
     6  0           0           0           0           0           0         
     7  0           0           0           0           0           0         
     8  0.5891E-06  0           0.5362E-11  0.1072E-10  0           0.5891E-06
     9  0           0           0           0           0           0         
    10  0           0           0           0           0           0         
    11  0.5891E-06  0           0.5362E-11  0.1072E-10  0           0.5891E-06
    12  0           0           0           0           0           0         
    13  0           0           0           0           0           0         
    14  0.4713E-05  0          -0.1072E-10  0.2145E-10  0           0.4713E-05
    15  0           0           0           0           0           0         
    16  0           0           0           0           0           0         
    17  0.4713E-05  0          -0.1072E-10  0.2145E-10  0           0.4713E-05
    18  0           0           0           0           0           0         
    19  0           0           0           0           0           0         
    20  0           0           0           0           0           0         
    21  0           0           0           0           0           0         
    22  0           0           0           0           0           0         
    23  0           0           0           0           0           0         
    25  0.2470E+00  0.2470E+00  0.2470E+00  0           0           0         
    26  0.3650E-03  0.6000E-05 -0.3000E-04  0.6620E-03 -0.1000E-05  0.8850E-03
    28  0           0           0           0           0           0         
    29  0           0           0           0           0           0         
    31  0           0           0           0           0           0         
    32  0           0           0           0           0           0         
  ---- -----------------------------------------------------------------------

 Nodal point gyro
  Node  Value 1           2           3           4           5   
  ---- -----------------------------------------------------------
     1  0           0           0           0           0         
     2  0           0           0           0           0         
     3  0           0           0           0           0         
     4  0           0           0           0           0         
     5  0           0           0           0           0         
     6  0           0           0           0           0         
     7  0           0           0           0           0         
     8  0           0           0           0           0         
     9  0           0           0           0           0         
    10  0           0           0           0           0         
    11  0           0           0           0           0         
    12  0           0           0           0           0         
    13  0           0           0           0           0         
    14  0           0           0           0           0         
    15  0           0           0           0           0         
    16  0           0           0           0           0         
    17  0           0           0           0           0         
    18  0           0           0           0           0         
    19  0           0           0           0           0         
    20  0           0           0           0           0         
    21  0           0           0           0           0         
    22  0           0           0           0           0         
    23  0           0           0           0           0         
    25  0           0           0           0           0         
    26  0           0           0           0           0         
    28  0           0           0           0           0         
    29  0           0           0           0           0         
    31  0           0           0           0           0         
    32  0           0           0           0           0         
  ---- -----------------------------------------------------------

 Total mass of the system =   0.2470000E+00
================================================================================

 Zero order transfer function position parameters
  0.00000E+00  2.34380E-02  0.00000E+00  0.00000E+00  0.00000E+00  0.00000E+00
  0.00000E+00  0.00000E+00  1.64062E-01  0.00000E+00  0.00000E+00  0.00000E+00
  0.00000E+00  0.00000E+00  0.00000E+00  6.22250E-02  9.37500E-02  0.00000E+00
  0.00000E+00  0.00000E+00  0.00000E+00  0.00000E+00  0.00000E+00  1.00000E+00
  6.22250E-02  2.34380E-02  6.22250E-02  1.00000E+00  0.00000E+00  0.00000E+00
  0.00000E+00  1.00000E+00  6.22250E-02  1.64062E-01  6.22250E-02  1.00000E+00
  0.00000E+00  0.00000E+00  0.00000E+00  0.00000E+00  9.37500E-02  6.22250E-02
  1.00000E+00  0.00000E+00  0.00000E+00  0.00000E+00  1.00000E+00  6.22250E-02
  9.37500E-02  6.22250E-02  1.00000E+00  0.00000E+00  0.00000E+00  0.00000E+00
  8.75600E-02  9.36600E-02  6.22250E-02  1.00000E+00  0.00000E+00  0.00000E+00
  0.00000E+00  3.73000E-02  9.33700E-02  6.48800E-02  1.00000E+00  0.00000E+00
  0.00000E+00  0.00000E+00  3.11130E-02  9.37500E-02  3.11130E-02  1.00000E+00
  0.00000E+00  0.00000E+00  0.00000E+00 -3.12600E-02  8.61700E-02  7.95100E-02
  1.00000E+00  0.00000E+00  0.00000E+00  0.00000E+00  0.00000E+00  0.00000E+00


 Zero order transfer function deformation parameters
  0.00000E+00  0.00000E+00  0.00000E+00  0.00000E+00  0.00000E+00  0.00000E+00
  0.00000E+00  0.00000E+00  0.00000E+00  0.00000E+00  0.00000E+00  0.00000E+00
  0.00000E+00  0.00000E+00  0.00000E+00  0.00000E+00  0.00000E+00  0.00000E+00
  0.00000E+00  0.00000E+00  0.00000E+00  0.00000E+00  0.00000E+00  0.00000E+00
  0.00000E+00  0.00000E+00  0.00000E+00  0.00000E+00  0.00000E+00  0.00000E+00
  0.00000E+00  0.00000E+00  0.00000E+00  0.00000E+00  0.00000E+00  0.00000E+00
  0.00000E+00  0.00000E+00  0.00000E+00  0.00000E+00  0.00000E+00  0.00000E+00
  0.00000E+00  0.00000E+00  0.00000E+00  0.00000E+00  0.00000E+00  0.00000E+00
  0.00000E+00  0.00000E+00  0.00000E+00  0.00000E+00  0.00000E+00  0.00000E+00
  0.00000E+00  0.00000E+00  0.00000E+00  0.00000E+00  0.00000E+00  0.00000E+00
  0.00000E+00  0.00000E+00  0.00000E+00  0.00000E+00  0.00000E+00  0.00000E+00
  0.00000E+00  0.00000E+00  0.00000E+00  0.00000E+00  0.00000E+00  0.00000E+00
  0.00000E+00  0.00000E+00  0.00000E+00  0.00000E+00  0.00000E+00  0.00000E+00
  0.00000E+00
================================================================================
 HALT
  
  
  
 #TRANSFER IN   Index  node  dir
 INPUTF     1     22      3
  
  
  
 #TRANSFER OUT   Index  node  dir
 OUTXP     1     22      3
 OUTX     2     31      1
  
  
  
 END
================================================================================
 Finding steady solution in STATIO:
 Iteration number    1, error:   5.09533608E-01
 Iteration number    2, error:   2.34041791E-02
 Iteration number    3, error:   6.41649352E-07
 Iteration number    4, error:   6.35388988E-07
 Iteration number    5, error:   6.30286834E-07
 Iteration number    6, error:   6.25705301E-07
 Iteration number    7, error:   6.21591192E-07
 Iteration number    8, error:   6.17896773E-07
 Iteration number    9, error:   6.14579195E-07
 Iteration number   10, error:   6.11599985E-07
 WARNING: Equilibrium appears to be indifferent.
 WARNING: Maximum number of iterations (  10) exceeded.
================================================================================

 Zero order transfer function position parameters
  0.00000E+00  2.34380E-02  0.00000E+00  0.00000E+00  0.00000E+00  0.00000E+00
  0.00000E+00  0.00000E+00  1.64062E-01  0.00000E+00  0.00000E+00  0.00000E+00
  0.00000E+00  0.00000E+00  0.00000E+00  6.22250E-02  9.37500E-02  0.00000E+00
  0.00000E+00  0.00000E+00  0.00000E+00  0.00000E+00  0.00000E+00  1.00000E+00
  6.22251E-02  2.34378E-02  6.22249E-02  1.00000E+00  6.70018E-07 -6.82615E-08
  4.42460E-07  1.00000E+00  6.22249E-02  1.64062E-01  6.22251E-02  1.00000E+00
  6.70018E-07 -6.82615E-08  4.42460E-07 -4.24761E-09  9.37498E-02  6.22250E-02
  1.00000E+00  6.70018E-07 -6.82615E-08  4.42460E-07  1.00000E+00  6.22250E-02
  9.37498E-02  6.22250E-02  1.00000E+00  6.70018E-07 -6.82615E-08  4.42460E-07
  8.75600E-02  9.36599E-02  6.22250E-02  1.00000E+00  6.70018E-07 -6.82615E-08
  4.42460E-07  3.73000E-02  9.33698E-02  6.48800E-02  1.00000E+00  6.70018E-07
 -6.82615E-08  4.42460E-07  3.11130E-02  9.37499E-02  3.11130E-02  1.00000E+00
  6.70018E-07 -6.82615E-08  4.42460E-07 -3.12600E-02  8.61697E-02  7.95100E-02
  1.00000E+00  6.70018E-07 -6.82615E-08  4.42460E-07 -8.16139E-14 -8.16124E-14


 Zero order transfer function deformation parameters
  0.00000E+00  0.00000E+00  0.00000E+00  0.00000E+00  0.00000E+00  0.00000E+00
  0.00000E+00  0.00000E+00  0.00000E+00  0.00000E+00  0.00000E+00  0.00000E+00
  0.00000E+00  0.00000E+00  0.00000E+00  0.00000E+00  0.00000E+00  0.00000E+00
  0.00000E+00  0.00000E+00  0.00000E+00  0.00000E+00  0.00000E+00  0.00000E+00
  0.00000E+00  0.00000E+00  0.00000E+00  0.00000E+00  0.00000E+00  0.00000E+00
  0.00000E+00  0.00000E+00  0.00000E+00  0.00000E+00  0.00000E+00  0.00000E+00
  0.00000E+00  0.00000E+00  0.00000E+00  0.00000E+00  0.00000E+00  0.00000E+00
  0.00000E+00  0.00000E+00  0.00000E+00  0.00000E+00  0.00000E+00  0.00000E+00
  0.00000E+00  0.00000E+00  0.00000E+00  0.00000E+00  0.00000E+00 -1.16626E-07
 -1.59256E-07 -1.16628E-07  1.04615E-07 -2.83196E-08  6.00767E-09 -2.26277E-08
  1.38448E-07  1.04614E-07  1.30937E-07  2.26274E-08  1.38448E-07 -1.59257E-07
  1.30937E-07 -6.18698E-14  6.00738E-09  7.58729E-08 -2.14321E-07  0.00000E+00
 -6.32010E-16  0.00000E+00 -6.31999E-16  0.00000E+00  0.00000E+00  0.00000E+00
  0.00000E+00

 MATRICES OF THE LINEARIZED EQUATIONS OF MOTION



 SYSTEM MASSMATRIX M0

  1.98013E-15 -9.47984E-20  1.18074E-10  4.97481E-11 -1.21540E-10 -9.10358E-11 -3.35564E-11  1.32382E-16
 -9.47984E-20  1.98031E-15 -8.10282E-11 -4.07067E-11  2.97479E-10  3.01775E-10  3.20306E-11  1.97513E-10
  1.18074E-10 -8.10282E-11  1.01393E-01  3.53285E-02 -1.05482E-01 -7.79272E-02 -2.76772E-02  1.16085E-07
  4.97481E-11 -4.07067E-11  3.53285E-02  2.56560E-01  8.84043E-08 -3.53284E-02 -4.72645E-02 -3.90331E-08
 -1.21540E-10  2.97479E-10 -1.05482E-01  8.84043E-08  3.90115E-01  2.86301E-01  1.31046E-04  1.84735E-01
 -9.10358E-11  3.01775E-10 -7.79272E-02 -3.53284E-02  2.86301E-01  2.82544E-01  2.78080E-02  1.84735E-01
 -3.35564E-11  3.20306E-11 -2.76772E-02 -4.72645E-02  1.31046E-04  2.78080E-02  9.76271E-02  1.06687E-03
  1.32382E-16  1.97513E-10  1.16085E-07 -3.90331E-08  1.84735E-01  1.84735E-01  1.06687E-03  2.56561E-01

 INERTIA FORCE/VELOCITY SENSITIVITYMATRIX C0

  0.00000E+00  0.00000E+00  0.00000E+00  0.00000E+00  0.00000E+00  0.00000E+00  0.00000E+00  0.00000E+00
  0.00000E+00  0.00000E+00  0.00000E+00  0.00000E+00  0.00000E+00  0.00000E+00  0.00000E+00  0.00000E+00
  0.00000E+00  0.00000E+00  0.00000E+00  0.00000E+00  0.00000E+00  0.00000E+00  0.00000E+00  0.00000E+00
  0.00000E+00  0.00000E+00  0.00000E+00  0.00000E+00  0.00000E+00  0.00000E+00  0.00000E+00  0.00000E+00
  0.00000E+00  0.00000E+00  0.00000E+00  0.00000E+00  0.00000E+00  0.00000E+00  0.00000E+00  0.00000E+00
  0.00000E+00  0.00000E+00  0.00000E+00  0.00000E+00  0.00000E+00  0.00000E+00  0.00000E+00  0.00000E+00
  0.00000E+00  0.00000E+00  0.00000E+00  0.00000E+00  0.00000E+00  0.00000E+00  0.00000E+00  0.00000E+00
  0.00000E+00  0.00000E+00  0.00000E+00  0.00000E+00  0.00000E+00  0.00000E+00  0.00000E+00  0.00000E+00

 SYSTEM DAMPING MATRIX D0

  0.00000E+00  0.00000E+00  0.00000E+00  0.00000E+00  0.00000E+00  0.00000E+00  0.00000E+00  0.00000E+00
  0.00000E+00  0.00000E+00  0.00000E+00  0.00000E+00  0.00000E+00  0.00000E+00  0.00000E+00  0.00000E+00
  0.00000E+00  0.00000E+00  0.00000E+00  0.00000E+00  0.00000E+00  0.00000E+00  0.00000E+00  0.00000E+00
  0.00000E+00  0.00000E+00  0.00000E+00  0.00000E+00  0.00000E+00  0.00000E+00  0.00000E+00  0.00000E+00
  0.00000E+00  0.00000E+00  0.00000E+00  0.00000E+00  0.00000E+00  0.00000E+00  0.00000E+00  0.00000E+00
  0.00000E+00  0.00000E+00  0.00000E+00  0.00000E+00  0.00000E+00  0.00000E+00  0.00000E+00  0.00000E+00
  0.00000E+00  0.00000E+00  0.00000E+00  0.00000E+00  0.00000E+00  0.00000E+00  0.00000E+00  0.00000E+00
  0.00000E+00  0.00000E+00  0.00000E+00  0.00000E+00  0.00000E+00  0.00000E+00  0.00000E+00  0.00000E+00

 SYSTEM STIFFNESSMATRIX K0

  1.67573E-04 -1.13090E-12  2.74028E-02  2.24124E-03 -1.22754E-02 -1.51275E-02 -1.65547E-03 -4.60793E-08
 -1.13090E-12  1.67573E-04  1.23751E-02 -1.56447E-03  1.05055E-02 -9.96912E-05  1.22832E-03  2.27808E-02
  2.74028E-02  1.23751E-02  1.22319E+07 -8.66183E+00 -1.06535E+07 -1.57839E+06 -4.58487E+01 -1.15598E+01
  2.24124E-03 -1.56447E-03 -8.66183E+00  1.75698E+07 -1.88144E+01 -5.97081E+01 -8.78492E+06 -4.02155E+01
 -1.22754E-02  1.05055E-02 -1.06535E+07 -1.88144E+01  2.13071E+07  1.06536E+07  1.26180E+02  2.13071E+07
 -1.51275E-02 -9.96912E-05 -1.57839E+06 -5.97081E+01  1.06536E+07  1.22320E+07  9.40371E+01  2.13071E+07
 -1.65547E-03  1.22832E-03 -4.58487E+01 -8.78492E+06  1.26180E+02  9.40371E+01  3.26052E+07  1.34608E+01
 -4.60793E-08  2.27808E-02 -1.15598E+01 -4.02155E+01  2.13071E+07  2.13071E+07  1.34608E+01  4.26141E+07

 DYNAMIC STIFFNESSMATRIX N0

 -2.83583E-17 -2.40442E-16 -3.59187E-12 -5.56126E-07 -2.33195E-07 -2.33192E-07  6.45415E-08 -6.44645E-14
 -8.28034E-17  1.76455E-16  4.03303E-11 -2.52200E-06  1.90814E-07  1.90768E-07  3.72513E-06 -5.82827E-12
 -2.44394E-08 -1.69420E-07 -3.08385E-03 -4.80561E+02 -1.65596E+02 -1.65593E+02  5.39271E+01 -5.28346E-05
 -5.62712E-09 -1.28347E-06 -1.09335E-03 -6.82350E+01 -1.20285E+03 -1.20285E+03  6.82340E+01 -1.01770E-04
 -6.23811E-08 -2.81098E-08  3.90674E-02 -1.99029E+03  8.02392E-03 -3.69780E-02  3.56810E+03 -5.61901E-03
 -7.63605E-08  1.51115E-07  3.78183E-02 -2.33227E+03  1.65604E+02  1.65560E+02  3.49019E+03 -5.46333E-03
  3.96978E-09  2.34821E-07  7.22421E-04  5.18683E+01  2.21535E+02  2.21534E+02 -5.13373E+01  7.72300E-05
 -7.89936E-08 -1.68811E-08 -1.56803E-03 -2.24154E+03  7.12946E-03  3.73351E-03  2.98872E+03 -4.63574E-03

 GEOMETRIC NON-LINEAR STIFFNESSMATRIX G0

  4.52657E-12 -7.89529E-13  1.96425E-03 -4.39889E-08 -7.38455E-04 -7.38454E-04  3.21939E-08  3.80506E-10
 -7.89529E-13  2.94751E-12 -3.49982E-09  5.92005E-08 -7.38449E-04  1.22580E-03 -3.20706E-08 -1.99315E-13
  1.96425E-03 -3.49982E-09  2.29292E+00  9.08758E+00 -3.32585E+00 -3.37239E+00 -4.54368E+00  1.43125E-04
 -4.39889E-08  5.92005E-08  9.08758E+00 -2.52727E-04 -3.69028E+00  5.39736E+00  6.54178E-05  1.07946E+01
 -7.38455E-04 -7.38449E-04 -3.32585E+00 -3.69028E+00 -5.70131E-05  3.32580E+00  6.69571E+00 -4.58630E-05
 -7.38454E-04  1.22580E-03 -3.37239E+00  5.39736E+00  3.32580E+00  4.45180E+00  2.15205E+00 -2.22464E-04
  3.21939E-08 -3.20706E-08 -4.54368E+00  6.54178E-05  6.69571E+00  2.15205E+00  1.18932E-01  1.47837E+00
  3.80506E-10 -1.99315E-13  1.43125E-04  1.07946E+01 -4.58630E-05 -2.22464E-04  1.47837E+00 -8.05488E-05
 Time =       0.00000000  total FE          0  delta fe     0
================================================================================
